# name: debug
# type: sparse matrix
# nnz: 58932
# rows: 3294
# columns: 3294

1 1 110000
2 1 -2.39318578e-16
3 1 2.97096806e-18
4 1 -2.60208521e-18
5 1 -16.4421598
6 1 -27.8719998
7 1 -9999.99911
8 1 -3.58661039
9 1 -2.22625309
10 1 0
11 1 0
12 1 0
1 2 -2.39318578e-16
2 2 110000
3 2 1.50941271e-18
4 2 16.4421598
5 2 8.67361738e-19
6 2 13.5137002
7 2 3.58561314
8 2 -9999.99835
9 2 4.47828854
10 2 0
11 2 0
12 2 0
1 3 2.97096806e-18
2 3 1.50941271e-18
3 3 110000
4 3 27.8719998
5 3 -13.5137002
6 3 1.73472348e-18
7 3 2.22785891
8 3 -4.4774899
9 3 -9999.99875
10 3 0
11 3 0
12 3 0
1 4 -2.60208521e-18
2 4 16.4421598
3 4 27.8719998
4 4 110000.105
5 4 -0.0376653849
6 4 0.0222194417
7 4 0.0121050107
8 4 -16.4546367
9 4 -27.8646331
10 4 -9999.99911
11 4 -3.58661039
12 4 -2.22625309
1 5 -16.4421598
2 5 8.67361738e-19
3 5 -13.5137002
4 5 -0.0376653849
5 5 110000.045
6 5 0.0458275874
7 5 16.4391477
8 5 0.0119479077
9 5 13.5173589
10 5 3.58561314
11 5 -9999.99835
12 5 4.47828855
1 6 -27.8719998
2 6 13.5137002
3 6 1.73472348e-18
4 6 0.0222194417
5 6 0.0458275874
6 6 110000.096
7 6 27.8768428
8 6 -13.5037014
9 6 0.0122568375
10 6 2.22785891
11 6 -4.4774899
12 6 -9999.99875
1 7 -9999.99911
2 7 3.58561314
3 7 2.22785891
4 7 0.0121050107
5 7 16.4391477
6 7 27.8768428
7 7 20000
8 7 -9.26093436e-11
9 7 1.51282429e-10
10 7 -1.77635684e-15
11 7 -574.05
12 7 1561.702
13 7 -9999.0796
14 7 119.040067
15 7 -65.0897266
16 7 0
17 7 0
18 7 0
1 8 -3.58661039
2 8 -9999.99835
3 8 -4.4774899
4 8 -16.4546367
5 8 0.0119479077
6 8 -13.5037014
7 8 -9.26093436e-11
8 8 20000
9 8 7.39922583e-11
10 8 574.05
11 8 1.33226763e-15
12 8 -391.644
13 8 -118.718914
14 8 -9999.17272
15 8 -49.5057581
16 8 0
17 8 0
18 8 0
1 9 -2.22625309
2 9 4.47828854
3 9 -9999.99875
4 9 -27.8646331
5 9 13.5173589
6 9 0.0122568375
7 9 1.51282429e-10
8 9 7.39922583e-11
9 9 20000
10 9 -1561.702
11 9 391.644
12 9 0
13 9 65.6736589
14 9 48.7284631
15 9 -9999.66562
16 9 0
17 9 0
18 9 0
1 10 0
2 10 0
3 10 0
4 10 -9999.99911
5 10 3.58561314
6 10 2.22785891
7 10 -1.77635684e-15
8 10 574.05
9 10 -1561.702
10 10 20276.8447
11 10 -61.1631217
12 10 -22.4823237
13 10 -17.0713277
14 10 -581.612443
15 10 1558.8079
16 10 -9999.0796
17 10 119.040067
18 10 -65.0897268
1 11 0
2 11 0
3 11 0
4 11 -3.58661039
5 11 -9999.99835
6 11 -4.4774899
7 11 -574.05
8 11 1.33226763e-15
9 11 391.644
10 11 -61.1631217
11 11 20048.2918
12 11 -89.6495034
13 11 576.569233
14 11 -4.92507403
15 11 -387.894428
16 11 -118.718914
17 11 -9999.17272
18 11 -49.5057578
1 12 0
2 12 0
3 12 0
4 12 -2.22625309
5 12 4.47828855
6 12 -9999.99875
7 12 1561.702
8 12 -391.644
9 12 0
10 12 -22.4823237
11 12 -89.6495034
12 12 20259.2298
13 12 -1556.90871
14 12 410.202111
15 12 -8.22621232
16 12 65.6736588
17 12 48.7284634
18 12 -9999.66562
7 13 -9999.0796
8 13 -118.718914
9 13 65.6736589
10 13 -17.0713277
11 13 576.569233
12 13 -1556.90871
13 13 20000
14 13 -1.13081329e-07
15 13 -1.92824063e-07
16 13 0
17 13 29992.8
18 13 -3070.82
19 13 -9999.90883
20 13 -14.4529585
21 13 -40.1813698
22 13 0
23 13 0
24 13 0
7 14 119.040067
8 14 -9999.17272
9 14 48.7284631
10 14 -581.612443
11 14 -4.92507403
12 14 410.202111
13 14 -1.13081329e-07
14 14 20000
15 14 2.92171971e-07
16 14 -29992.8
17 14 -2.84217094e-14
18 14 18425.48
19 14 13.9417763
20 14 -9999.18434
21 14 126.956899
22 14 0
23 14 0
24 14 0
7 15 -65.0897266
8 15 -49.5057581
9 15 -9999.66562
10 15 1558.8079
11 15 -387.894428
12 15 -8.22621232
13 15 -1.92824063e-07
14 15 2.92171971e-07
15 15 20000
16 15 3070.82
17 15 -18425.48
18 15 0
19 15 40.3615825
20 15 -126.899722
21 15 -9999.11333
22 15 0
23 15 0
24 15 0
7 16 0
8 16 0
9 16 0
10 16 -9999.0796
11 16 -118.718914
12 16 65.6736588
13 16 0
14 16 -29992.8
15 16 3070.82
16 16 110899.799
17 16 -5658.13325
18 16 -55263.1737
19 16 -29.4209753
20 16 29951.385
21 16 -3451.32701
22 16 -9999.90883
23 16 -14.4529582
24 16 -40.1813697
7 17 0
8 17 0
9 17 0
10 17 119.040067
11 17 -9999.17272
12 17 48.7284634
13 17 29992.8
14 17 -2.84217094e-14
15 17 -18425.48
16 17 -5658.13325
17 17 143906.637
18 17 -9210.24901
19 17 -30066.8947
20 17 190.470359
21 17 18303.3311
22 17 13.9417766
23 17 -9999.18434
24 17 126.956899
7 18 0
8 18 0
9 18 0
10 18 -65.0897268
11 18 -49.5057578
12 18 -9999.66562
13 18 -3070.82
14 18 18425.48
15 18 0
16 18 -55263.1737
17 18 -9210.24901
18 18 54892.8249
19 18 3096.48039
20 18 -18419.5389
21 18 246.263155
22 18 40.3615827
23 18 -126.899721
24 18 -9999.11333
13 19 -9999.90883
14 19 13.9417763
15 19 40.3615825
16 19 -29.4209753
17 19 -30066.8947
18 19 3096.48039
19 19 20000
20 19 2.8626961e-07
21 19 1.80244715e-07
22 19 -7.10542736e-15
23 19 25671
24 19 -1643.318
25 19 -9999.42731
26 19 55.0547854
27 19 91.7738302
28 19 0
29 19 0
30 19 0
13 20 -14.4529585
14 20 -9999.18434
15 20 -126.899722
16 20 29951.385
17 20 190.470359
18 20 -18419.5389
19 20 2.8626961e-07
20 20 20000
21 20 7.89694173e-07
22 20 -25671
23 20 0
24 20 22664.6
25 20 -54.0134541
26 20 -9999.2119
27 20 113.331444
28 20 0
29 20 0
30 20 0
13 21 -40.1813698
14 21 126.956899
15 21 -9999.11333
16 21 -3451.32701
17 21 18303.3311
18 21 246.263155
19 21 1.80244715e-07
20 21 7.89694173e-07
21 21 20000
22 21 1643.318
23 21 -22664.6
24 21 2.84217094e-14
25 21 -92.3905416
26 21 -112.829252
27 21 -9998.93662
28 21 0
29 21 0
30 21 0
13 22 0
14 22 0
15 22 0
16 22 -9999.90883
17 22 13.9417766
18 22 40.3615827
19 22 -7.10542736e-15
20 22 -25671
21 22 1643.318
22 22 86170.0735
23 22 -3724.51451
24 22 -58182.2947
25 22 123.475234
26 22 25650.4354
27 22 -1934.0764
28 22 -9999.42731
29 22 55.0547858
30 22 91.7738305
13 23 0
14 23 0
15 23 0
16 23 -14.4529582
17 23 -9999.18434
18 23 -126.899721
19 23 25671
20 23 0
21 23 -22664.6
22 23 -3724.51451
23 23 137268.433
24 23 -4218.56164
25 23 -25460.1304
26 23 397.054125
27 23 22897.7825
28 23 -54.0134537
29 23 -9999.21189
30 23 113.331444
13 24 0
14 24 0
15 24 0
16 24 -40.1813697
17 24 126.956899
18 24 -9999.11333
19 24 -1643.318
20 24 22664.6
21 24 2.84217094e-14
22 24 -58182.2947
23 24 -4218.56164
24 24 71638.4587
25 24 1520.80456
26 24 -22671.861
27 24 241.779825
28 24 -92.3905413
29 24 -112.829251
30 24 -9998.93662
19 25 -9999.42731
20 25 -54.0134541
21 25 -92.3905416
22 25 123.475234
23 25 -25460.1304
24 25 1520.80456
25 25 20000
26 25 4.00362426e-07
27 25 2.56395608e-07
28 25 0
29 25 -836.356001
30 25 864.842
31 25 -9993.24004
32 25 218.834356
33 25 -295.406593
34 25 0
35 25 0
36 25 0
19 26 55.0547854
20 26 -9999.2119
21 26 -112.829252
22 26 25650.4354
23 26 397.054125
24 26 -22671.861
25 26 4.00362426e-07
26 26 20000
27 26 4.77541532e-07
28 26 836.356001
29 26 0
30 26 -2624.78
31 26 -215.401054
32 26 -9996.97269
33 26 -118.909461
34 26 0
35 26 0
36 26 0
19 27 91.7738302
20 27 113.331444
21 27 -9998.93662
22 27 -1934.0764
23 27 22897.7825
24 27 241.779825
25 27 2.56395608e-07
26 27 4.77541532e-07
27 27 20000
28 27 -864.842
29 27 2624.78
30 27 1.77635684e-15
31 27 297.919313
32 27 112.465993
33 27 -9994.92849
34 27 0
35 27 0
36 27 0
19 28 0
20 28 0
21 28 0
22 28 -9999.42731
23 28 -54.0134537
24 28 -92.3905413
25 28 0
26 28 836.356001
27 28 -864.842
28 28 20144.7443
29 28 -227.001998
30 28 -219.52505
31 28 -43.7805099
32 28 -845.829341
33 28 854.458331
34 28 -9993.24004
35 28 218.834356
36 28 -295.406594
19 29 0
20 29 0
21 29 0
22 29 55.0547858
23 29 -9999.21189
24 29 -112.829251
25 29 -836.356001
26 29 0
27 29 2624.78
28 29 -227.001998
29 29 20758.8961
30 29 -72.3315781
31 29 913.987893
32 29 11.2175061
33 29 -2598.74233
34 29 -215.401055
35 29 -9996.97269
36 29 -118.909464
19 30 0
20 30 0
21 30 0
22 30 91.7738305
23 30 113.331444
24 30 -9998.93662
25 30 864.842
26 30 -2624.78
27 30 1.77635684e-15
28 30 -219.52505
29 30 -72.3315781
30 30 20763.7422
31 30 -807.719333
32 30 2642.91111
33 30 5.66311453
34 30 297.919312
35 30 112.465989
36 30 -9994.92849
25 31 -9993.24004
26 31 -215.401054
27 31 297.919313
28 31 -43.7805099
29 31 913.987893
30 31 -807.719333
31 31 20000
32 31 -7.41076439e-07
33 31 -1.00282052e-06
34 31 8.8817842e-16
35 31 -625.125998
36 31 271.332
37 31 -9999.07806
38 31 -135.626739
39 31 6.5899317
40 31 0
41 31 0
42 31 0
25 32 218.834356
26 32 -9996.97269
27 32 112.465993
28 32 -845.829341
29 32 11.2175061
30 32 2642.91111
31 32 -7.41076439e-07
32 32 20000
33 32 -3.52307599e-06
34 32 625.125998
35 32 2.22044605e-16
36 32 266.994002
37 32 135.671969
38 32 -9998.80376
39 32 74.2737079
40 32 0
41 32 0
42 32 0
25 33 -295.406593
26 33 -118.909461
27 33 -9994.92849
28 33 854.458331
29 33 -2598.74233
30 33 5.66311453
31 33 -1.00282052e-06
32 33 -3.52307599e-06
33 33 20000
34 33 -271.332
35 33 -266.994002
36 33 0
37 33 -5.58179302
38 33 -74.3562648
39 33 -9999.722
40 33 0
41 33 0
42 33 0
25 34 0
26 34 0
27 34 0
28 34 -9993.24004
29 34 -215.401055
30 34 297.919312
31 34 8.8817842e-16
32 34 625.125998
33 34 -271.332
34 34 20046.4404
35 34 7.24440203
36 34 16.6904899
37 34 8.63265942
38 34 -623.033694
39 34 275.967499
40 34 -9999.07806
41 34 -135.626739
42 34 6.58993139
25 35 0
26 35 0
27 35 0
28 35 218.834356
29 35 -9996.97269
30 35 112.465989
31 35 -625.125998
32 35 2.22044605e-16
33 35 -266.994002
34 35 7.24440203
35 35 20046.2068
36 35 -16.9616658
37 35 625.217396
38 35 10.4636478
39 35 266.574626
40 35 135.671969
41 35 -9998.80376
42 35 74.2737055
25 36 0
26 36 0
27 36 0
28 36 -295.406594
29 36 -118.909464
30 36 -9994.92849
31 36 271.332
32 36 266.994002
33 36 0
34 36 16.6904899
35 36 -16.9616658
36 36 20014.4907
37 36 -267.684624
38 36 -270.642051
39 36 2.16186939
40 36 -5.5817933
41 36 -74.3562672
42 36 -9999.722
31 37 -9999.07806
32 37 135.671969
33 37 -5.58179302
34 37 8.63265942
35 37 625.217396
36 37 -267.684624
37 37 20000.0125
38 37 2.3386611e-09
39 37 -2.85533812e-07
40 37 6.66133815e-14
41 37 20734.7012
42 37 -2959.31091
43 37 -0.0124906114
44 37 -0.000299628792
45 37 0.00038058941
46 37 -9998.38423
47 37 178.495629
48 37 21.2676223
49 37 0
50 37 0
51 37 0
31 38 -135.626739
32 38 -9998.80376
33 38 -74.3562648
34 38 -623.033694
35 38 10.4636478
36 38 -270.642051
37 38 2.3386611e-09
38 38 20000.0125
39 38 -2.42125089e-06
40 38 -20734.7012
41 38 -8.52651283e-14
42 38 15619.499
43 38 0.000293872641
44 38 -0.0124950636
45 38 -0.000192416912
46 38 -178.137084
47 38 -9997.16028
48 38 158.283737
49 38 0
50 38 0
51 38 0
31 39 6.5899317
32 39 74.2737079
33 39 -9999.722
34 39 275.967499
35 39 266.574626
36 39 2.16186939
37 39 -2.85533812e-07
38 39 -2.42125089e-06
39 39 20000.0125
40 39 2959.31091
41 39 -15619.499
42 39 -5.68434189e-14
43 39 -0.000385051403
44 39 0.000183324806
45 39 -0.012492723
46 39 -24.0868666
47 39 -157.879296
48 39 -9998.72462
49 39 0
50 39 0
51 39 0
31 40 0
32 40 0
33 40 0
34 40 -9999.07806
35 40 135.671969
36 40 -5.5817933
37 40 6.66133815e-14
38 40 -20734.7012
39 40 2959.31091
40 40 63881.4691
41 40 -4620.65396
42 40 -32392.6697
43 40 -0.00668525436
44 40 0.413669411
45 40 0.106267673
46 40 362.22623
47 40 20681.675
48 40 -3287.22343
49 40 -9998.38423
50 40 178.495621
51 40 21.2676108
31 41 0
32 41 0
33 41 0
34 41 -135.626739
35 41 -9998.80376
36 41 -74.3562672
37 41 20734.7012
38 41 -8.52651283e-14
39 41 -15619.499
40 41 -4620.65396
41 41 87404.8173
42 41 -6132.80688
43 41 -0.408308327
44 41 -0.0131346437
45 41 0.229333077
46 41 -20693.3137
47 41 616.694067
48 41 15661.387
49 41 -178.137092
50 41 -9997.16028
51 41 158.283727
31 42 0
32 42 0
33 42 0
34 42 6.58993139
35 42 74.2737055
36 42 -9999.722
37 42 -2959.31091
38 42 15619.499
39 42 -5.68434189e-14
40 42 -32392.6697
41 42 -6132.80688
42 42 45276.5685
43 42 -0.0947606769
44 42 -0.219124427
45 42 -0.000294828545
46 42 2680.69533
47 42 -15667.6709
48 42 240.933872
49 42 -24.0868784
50 42 -157.879306
51 42 -9998.72463
37 43 -0.0124906114
38 43 0.000293872641
39 43 -0.000385051403
40 43 -0.00668525436
41 43 -0.408308327
42 43 -0.0947606769
43 43 0.0375
44 43 2.85026587e-18
45 43 -5.36680075e-18
46 43 -0.0124842857
47 43 0.000510661973
48 43 -0.000363089266
49 43 -0.0130221255
50 43 -0.384357857
51 43 -0.0928284284
58 43 -0.0124781863
59 43 0.000535048269
60 43 -0.000508517354
61 43 -0.011420131
62 43 -0.353083141
63 43 -0.0912731912
37 44 -0.000299628792
38 44 -0.0124950636
39 44 0.000183324806
40 44 0.413669411
41 44 -0.0131346437
42 44 -0.219124427
43 44 2.85026587e-18
44 44 0.0375
45 44 -1.27393755e-17
46 44 -0.00052172223
47 44 -0.0124832728
48 44 0.000381715193
49 44 0.386946075
50 44 -0.02229678
51 44 -0.200302265
58 44 -0.00055520162
59 44 -0.0124778542
60 44 0.000494879804
61 44 0.356231613
62 44 -0.0229080875
63 44 -0.177949083
37 45 0.00038058941
38 45 -0.000192416912
39 45 -0.012492723
40 45 0.106267673
41 45 0.229333077
42 45 -0.000294828545
43 45 -5.36680075e-18
44 45 -1.27393755e-17
45 45 0.0375
46 45 0.000347009194
47 45 -0.000396389863
48 45 -0.0124888935
49 45 0.113272024
50 45 0.207018022
51 45 -0.00342331464
58 45 0.000486433665
59 45 -0.000516602564
60 45 -0.0124798439
61 45 0.113639024
62 45 0.187624412
63 45 -0.00333733385
37 46 -9998.38423
38 46 -178.137084
39 46 -24.0868666
40 46 362.22623
41 46 -20693.3137
42 46 2680.69533
43 46 -0.0124842857
44 46 -0.00052172223
45 46 0.000347009194
46 46 20000.0375
47 46 -7.67621427e-06
48 46 -1.16845639e-05
49 46 1.59872116e-14
50 46 26166.2907
51 46 -752.248767
52 46 -0.0124842857
53 46 -0.00052172223
54 46 0.000347009194
55 46 -0.0124842857
56 46 -0.00052172223
57 46 0.000347009194
58 46 -9999.3409
59 46 22.3351972
60 46 -112.618591
61 46 0
62 46 0
63 46 0
37 47 178.495629
38 47 -9997.16028
39 47 -157.879296
40 47 20681.675
41 47 616.694067
42 47 -15667.6709
43 47 0.000510661973
44 47 -0.0124832728
45 47 -0.000396389863
46 47 -7.67621427e-06
47 47 20000.0375
48 47 -1.00673686e-05
49 47 -26166.2907
50 47 0
51 47 14571.3301
52 47 0.000510661973
53 47 -0.0124832728
54 47 -0.000396389863
55 47 0.000510661973
56 47 -0.0124832728
57 47 -0.000396389863
58 47 -23.4099582
59 47 -9999.51761
60 47 95.3930583
61 47 0
62 47 0
63 47 0
37 48 21.2676223
38 48 158.283737
39 48 -9998.72462
40 48 -3287.22343
41 48 15661.387
42 48 240.933872
43 48 -0.000363089266
44 48 0.000381715193
45 48 -0.0124888935
46 48 -1.16845639e-05
47 48 -1.00673686e-05
48 48 20000.0375
49 48 752.248767
50 48 -14571.3301
51 48 0
52 48 -0.000363089266
53 48 0.000381715193
54 48 -0.0124888935
55 48 -0.000363089266
56 48 0.000381715193
57 48 -0.0124888935
58 48 112.400108
59 48 -95.6504
60 48 -9998.91081
61 48 0
62 48 0
63 48 0
37 49 0
38 49 0
39 49 0
40 49 -9998.38423
41 49 -178.137092
42 49 -24.0868784
43 49 -0.0130221255
44 49 0.386946075
45 49 0.113272024
46 49 1.59872116e-14
47 49 -26166.2907
48 49 752.248767
49 49 88592.575
50 49 -1086.05389
51 49 -38163.3206
52 49 -0.0210987794
53 49 0.624581609
54 49 0.179980589
55 49 -0.0194266537
56 49 0.585066393
57 49 0.180727914
58 49 69.7114456
59 49 26156.2175
60 49 -1002.18291
61 49 -9999.3409
62 49 22.3351892
63 49 -112.618603
37 50 0
38 50 0
39 50 0
40 50 178.495621
41 50 -9997.16028
42 50 -157.879306
43 50 -0.384357857
44 50 -0.02229678
45 50 0.207018022
46 50 26166.2907
47 50 0
48 50 -14571.3301
49 50 -1086.05389
50 50 109783.588
51 50 -1950.44905
52 50 -0.620291128
53 50 -0.0360131547
54 50 0.335031128
55 50 -0.578948593
56 50 -0.0363461829
57 50 0.398779836
58 50 -26326.7263
59 50 197.806103
60 50 14274.1833
61 50 -23.409966
62 50 -9999.51761
63 50 95.3930481
37 51 0
38 51 0
39 51 0
40 51 21.2676108
41 51 158.283727
42 51 -9998.72463
43 51 -0.0928284284
44 51 -0.200302265
45 51 -0.00342331464
46 51 -752.248767
47 51 14571.3301
48 51 0
49 51 -38163.3206
50 51 -1950.44905
51 51 41314.257
52 51 -0.146949815
53 51 -0.32407388
54 51 -0.00563284679
55 51 -0.14629773
56 51 -0.388973702
57 51 -0.00763542718
58 51 718.513084
59 51 -14571.4115
60 51 147.468305
61 51 112.400096
62 51 -95.6504102
63 51 -9998.91082
46 52 -0.0124842857
47 52 0.000510661973
48 52 -0.000363089266
49 52 -0.0210987794
50 52 -0.620291128
51 52 -0.146949815
52 52 0.0375
53 52 1.45147566e-17
54 52 1.46367293e-18
58 52 -0.0124781863
59 52 0.000535048269
60 52 -0.000508517354
61 52 -0.0194402465
62 52 -0.589504665
63 52 -0.143229001
64 52 -0.0124746967
65 52 0.000640327552
66 52 -0.000471087994
67 52 -0.0235301658
68 52 -0.566178814
69 52 -0.146486887
46 53 -0.00052172223
47 53 -0.0124832728
48 53 0.000381715193
49 53 0.624581609
50 53 -0.0360131547
51 53 -0.32407388
52 53 1.45147566e-17
53 53 0.0375
54 53 4.01154804e-18
58 53 -0.00055520162
59 53 -0.0124778542
60 53 0.000494879804
61 53 0.595210569
62 53 -0.0383384446
63 53 -0.298900154
64 53 -0.000655665486
65 53 -0.0124762515
66 53 0.000404044437
67 53 0.571290798
68 53 -0.0390747926
69 53 -0.279502128
46 54 0.000347009194
47 54 -0.000396389863
48 54 -0.0124888935
49 54 0.179980589
50 54 0.335031128
51 54 -0.00563284679
52 54 1.46367293e-18
53 54 4.01154804e-18
54 54 0.0375
58 54 0.000486433665
59 54 -0.000516602564
60 54 -0.0124798439
61 54 0.180667705
62 54 0.315461212
63 54 -0.00601651894
64 54 0.00044949532
65 54 -0.000427936634
66 54 -0.0124845835
67 54 0.180299938
68 54 0.29202231
69 54 -0.00351818436
46 55 -0.0124842857
47 55 0.000510661973
48 55 -0.000363089266
49 55 -0.0194266537
50 55 -0.578948593
51 55 -0.14629773
55 55 0.0375
56 55 1.45147566e-17
57 55 1.46367293e-18
58 55 -0.0124781863
59 55 0.000535048269
60 55 -0.000508517354
61 55 -0.0176787777
62 55 -0.548161622
63 55 -0.142952535
64 55 -0.0124746967
65 55 0.000640327552
66 55 -0.000471087994
67 55 -0.0214308041
68 55 -0.524854663
69 55 -0.145909305
46 56 -0.00052172223
47 56 -0.0124832728
48 56 0.000381715193
49 56 0.585066393
50 56 -0.0363461829
51 56 -0.388973702
55 56 1.45147566e-17
56 56 0.0375
57 56 4.01154804e-18
58 56 -0.00055520162
59 56 -0.0124778542
60 56 0.000494879804
61 56 0.556426652
62 56 -0.0392039681
63 56 -0.364234745
64 56 -0.000655665486
65 56 -0.0124762515
66 56 0.000404044437
67 56 0.532330019
68 56 -0.039139924
69 56 -0.344737115
46 57 0.000347009194
47 57 -0.000396389863
48 57 -0.0124888935
49 57 0.180727914
50 57 0.398779836
51 57 -0.00763542718
55 57 1.46367293e-18
56 57 4.01154804e-18
57 57 0.0375
58 57 0.000486433665
59 57 -0.000516602564
60 57 -0.0124798439
61 57 0.181586725
62 57 0.379186021
63 57 -0.00861858332
64 57 0.00044949532
65 57 -0.000427936634
66 57 -0.0124845835
67 57 0.181731905
68 57 0.355755082
69 57 -0.00565120912
43 58 -0.0124781863
44 58 -0.00055520162
45 58 0.000486433665
46 58 -9999.3409
47 58 -23.4099582
48 58 112.400108
49 58 69.7114456
50 58 -26326.7263
51 58 718.513084
52 58 -0.0124781863
53 58 -0.00055520162
54 58 0.000486433665
55 58 -0.0124781863
56 58 -0.00055520162
57 58 0.000486433665
58 58 20000.0375
59 58 -7.69645495e-06
60 58 -1.13351077e-05
61 58 2.13162821e-14
62 58 18389.6489
63 58 1435.76119
64 58 -9999.63295
65 58 81.373066
66 58 26.8111316
67 58 0
68 58 0
69 58 0
43 59 0.000535048269
44 59 -0.0124778542
45 59 -0.000516602564
46 59 22.3351972
47 59 -9999.51761
48 59 -95.6504
49 59 26156.2175
50 59 197.806103
51 59 -14571.4115
52 59 0.000535048269
53 59 -0.0124778542
54 59 -0.000516602564
55 59 0.000535048269
56 59 -0.0124778542
57 59 -0.000516602564
58 59 -7.69645495e-06
59 59 20000.0375
60 59 -1.05522596e-05
61 59 -18389.6489
62 59 1.42108547e-14
63 59 16922.0919
64 59 -81.5694805
65 59 -9999.39365
66 59 -73.9779567
67 59 0
68 59 0
69 59 0
43 60 -0.000508517354
44 60 0.000494879804
45 60 -0.0124798439
46 60 -112.618591
47 60 95.3930583
48 60 -9998.91081
49 60 -1002.18291
50 60 14274.1833
51 60 147.468305
52 60 -0.000508517354
53 60 0.000494879804
54 60 -0.0124798439
55 60 -0.000508517354
56 60 0.000494879804
57 60 -0.0124798439
58 60 -1.13351077e-05
59 60 -1.05522596e-05
60 60 20000.0375
61 60 -1435.76119
62 60 -16922.0919
63 60 1.42108547e-14
64 60 -26.2075402
65 60 74.1939213
66 60 -9999.69041
67 60 0
68 60 0
69 60 0
43 61 -0.011420131
44 61 0.356231613
45 61 0.113639024
46 61 0
47 61 0
48 61 0
49 61 -9999.3409
50 61 -23.409966
51 61 112.400096
52 61 -0.0194402465
53 61 0.595210569
54 61 0.180667705
55 61 -0.0176787777
56 61 0.556426652
57 61 0.181586725
58 61 2.13162821e-14
59 61 -18389.6489
60 61 -1435.76119
61 61 54087.9361
62 61 2438.35507
63 61 -31150.2852
64 61 153.752649
65 61 18376.3576
66 61 1571.33486
67 61 -9999.63296
68 61 81.3730772
69 61 26.811147
43 62 -0.353083141
44 62 -0.0229080875
45 62 0.187624412
46 62 0
47 62 0
48 62 0
49 62 22.3351892
50 62 -9999.51761
51 62 -95.6504102
52 62 -0.589504665
53 62 -0.0383384446
54 62 0.315461212
55 62 -0.548161622
56 62 -0.0392039681
57 62 0.379186021
58 62 18389.6489
59 62 1.42108547e-14
60 62 -16922.0919
61 62 2438.35507
62 62 82529.6089
63 62 2656.85854
64 62 -18343.1005
65 62 24.0842655
66 62 16970.0445
67 62 -81.5694692
68 62 -9999.39365
69 62 -73.9779392
43 63 -0.0912731912
44 63 -0.177949083
45 63 -0.00333733385
46 63 0
47 63 0
48 63 0
49 63 -112.618603
50 63 95.3930481
51 63 -9998.91082
52 63 -0.143229001
53 63 -0.298900154
54 63 -0.00601651894
55 63 -0.142952535
56 63 -0.364234745
57 63 -0.00861858332
58 63 1435.76119
59 63 16922.0919
60 63 1.42108547e-14
61 63 -31150.2852
62 63 2656.85854
63 63 48863.1987
64 63 -1573.32095
65 63 -16908.5619
66 63 -121.331752
67 63 -26.2075247
68 63 74.1939385
69 63 -9999.69039
52 64 -0.0124746967
53 64 -0.000655665486
54 64 0.00044949532
55 64 -0.0124746967
56 64 -0.000655665486
57 64 0.00044949532
58 64 -9999.63295
59 64 -81.5694805
60 64 -26.2075402
61 64 153.752649
62 64 -18343.1005
63 64 -1573.32095
64 64 20000.025
65 64 1.12506252e-05
66 64 1.56538369e-05
67 64 -2.13162821e-14
68 64 21715.9162
69 64 4589.62422
70 64 -9999.61649
71 64 57.7380318
72 64 -65.8488099
73 64 0
74 64 0
75 64 0
52 65 0.000640327552
53 65 -0.0124762515
54 65 -0.000427936634
55 65 0.000640327552
56 65 -0.0124762515
57 65 -0.000427936634
58 65 81.373066
59 65 -9999.39365
60 65 74.1939213
61 65 18376.3576
62 65 24.0842655
63 65 -16908.5619
64 65 1.12506252e-05
65 65 20000.025
66 65 1.71841706e-05
67 65 -21715.9162
68 65 -1.13686838e-13
69 65 24905.6084
70 65 -56.4914574
71 65 -9998.07397
72 65 -187.950387
73 65 0
74 65 0
75 65 0
52 66 -0.000471087994
53 66 0.000404044437
54 66 -0.0124845835
55 66 -0.000471087994
56 66 0.000404044437
57 66 -0.0124845835
58 66 26.8111316
59 66 -73.9779567
60 66 -9999.69041
61 66 1571.33486
62 66 16970.0445
63 66 -121.331752
64 66 1.56538369e-05
65 66 1.71841706e-05
66 66 20000.025
67 66 -4589.62422
68 66 -24905.6084
69 66 1.13686838e-13
70 66 66.9213008
71 66 187.571173
72 66 -9998.01672
73 66 0
74 66 0
75 66 0
52 67 -0.0235301658
53 67 0.571290798
54 67 0.180299938
55 67 -0.0214308041
56 67 0.532330019
57 67 0.181731905
58 67 0
59 67 0
60 67 0
61 67 -9999.63296
62 67 -81.5694692
63 67 -26.2075247
64 67 -2.13162821e-14
65 67 -21715.9162
66 67 -4589.62422
67 67 69313.5251
68 67 11437.5489
69 67 -54107.7718
70 67 91.9578775
71 67 21624.5356
72 67 4996.52032
73 67 -9999.61649
74 67 57.7380421
75 67 -65.8487948
52 68 -0.566178814
53 68 -0.0390747926
54 68 0.29202231
55 68 -0.524854663
56 68 -0.039139924
57 68 0.355755082
58 68 0
59 68 0
60 68 0
61 68 81.3730772
62 68 -9999.39365
63 68 74.1939385
64 68 21715.9162
65 68 -1.13686838e-13
66 68 -24905.6084
67 68 11437.5489
68 68 129244.031
69 68 9980.0448
70 68 -21880.6347
71 68 -341.769025
72 68 24757.0713
73 68 -56.4914469
74 68 -9998.07397
75 68 -187.95037
52 69 -0.146486887
53 69 -0.279502128
54 69 -0.00351818436
55 69 -0.145909305
56 69 -0.344737115
57 69 -0.00565120912
58 69 0
59 69 0
60 69 0
61 69 26.811147
62 69 -73.9779392
63 69 -9999.69039
64 69 4589.62422
65 69 24905.6084
66 69 1.13686838e-13
67 69 -54107.7718
68 69 9980.0448
69 69 84151.2506
70 69 -4729.81597
71 69 -24873.7055
72 69 -498.310433
73 69 66.9213158
74 69 187.571189
75 69 -9998.01671
64 70 -9999.61649
65 70 -56.4914574
66 70 66.9213008
67 70 91.9578775
68 70 -21880.6347
69 70 -4729.81597
70 70 20000
71 70 1.02154028e-05
72 70 1.51236098e-05
73 70 -7.10542736e-15
74 70 9897.20001
75 70 -2760.48
76 70 -9998.8879
77 70 86.6624809
78 70 -121.366907
79 70 0
80 70 0
81 70 0
64 71 57.7380318
65 71 -9998.07397
66 71 187.571173
67 71 21624.5356
68 71 -341.769025
69 71 -24873.7055
70 71 1.02154028e-05
71 71 20000
72 71 1.63619292e-05
73 71 -9897.20001
74 71 -1.42108547e-14
75 71 7501.38001
76 71 -88.3261664
77 71 -9998.66836
78 71 137.219598
79 71 0
80 71 0
81 71 0
64 72 -65.8488099
65 72 -187.950387
66 72 -9998.01672
67 72 4996.52032
68 72 24757.0713
69 72 -498.310433
70 72 1.51236098e-05
71 72 1.63619292e-05
72 72 20000
73 72 2760.48
74 72 -7501.38001
75 72 0
76 72 120.161553
77 72 -138.276352
78 72 -9998.32189
79 72 0
80 72 0
81 72 0
64 73 0
65 73 0
66 73 0
67 73 -9999.61649
68 73 -56.4914469
69 73 66.9213158
70 73 -7.10542736e-15
71 73 -9897.20001
72 73 2760.48
73 73 30557.4818
74 73 -2070.74096
75 73 -7424.26585
76 73 120.58853
77 73 9857.71115
78 73 -2895.82574
79 73 -9998.8879
80 73 86.6624924
81 73 -121.366894
64 74 0
65 74 0
66 74 0
67 74 57.7380421
68 74 -9998.07397
69 74 187.571189
70 74 9897.20001
71 74 -1.42108547e-14
72 74 -7501.38001
73 74 -2070.74096
74 74 35422.527
75 74 -2732.10229
76 74 -9986.23709
77 74 189.497937
78 74 7380.00194
79 74 -88.3261554
80 74 -9998.66835
81 74 137.219625
64 75 0
65 75 0
66 75 0
67 75 -65.8487948
68 75 -187.95037
69 75 -9998.01671
70 75 -2760.48
71 75 7501.38001
72 75 0
73 75 -7424.26585
74 75 -2732.10229
75 75 26389.0951
76 75 2693.91619
77 75 -7524.3041
78 75 136.436727
79 75 120.161567
80 75 -138.276325
81 75 -9998.32187
70 76 -9998.8879
71 76 -88.3261664
72 76 120.161553
73 76 120.58853
74 76 -9986.23709
75 76 2693.91619
76 76 19999.9999
77 76 1.12595777e-05
78 76 1.35703684e-05
79 76 -2.84217094e-14
80 76 29485.8
81 76 -3146.44
82 76 -9997.46896
83 76 111.908303
84 76 -195.167816
85 76 0
86 76 0
87 76 0
70 77 86.6624809
71 77 -9998.66836
72 77 -138.276352
73 77 9857.71115
74 77 189.497937
75 77 -7524.3041
76 77 1.12595777e-05
77 77 20000
78 77 2.67752366e-05
79 77 -29485.8
80 77 -2.27373675e-13
81 77 13606.34
82 77 -115.937725
83 77 -9997.19407
84 77 206.564388
85 77 0
86 77 0
87 77 0
70 78 -121.366907
71 78 137.219598
72 78 -9998.32189
73 78 -2895.82574
74 78 7380.00194
75 78 136.436727
76 78 1.35703684e-05
77 78 2.67752366e-05
78 78 20000
79 78 3146.44
80 78 -13606.34
81 78 5.68434189e-14
82 78 192.801418
83 78 -208.774856
84 78 -9995.96121
85 78 0
86 78 0
87 78 0
70 79 0
71 79 0
72 79 0
73 79 -9998.8879
74 79 -88.3261554
75 79 120.161567
76 79 -2.84217094e-14
77 79 -29485.8
78 79 3146.44
79 79 107931.249
80 79 -4281.15326
81 79 -40119.3821
82 79 402.515466
83 79 29411.8368
84 79 -3754.24084
85 79 -9997.46897
86 79 111.908309
87 79 -195.167808
70 80 0
71 80 0
72 80 0
73 80 86.6624924
74 80 -9998.66835
75 80 -138.276325
76 80 29485.8
77 80 -2.27373675e-13
78 80 -13606.34
79 80 -4281.15326
80 80 125454.489
81 80 -9277.53009
82 80 -29740.6692
83 80 614.036752
84 80 13025.3768
85 80 -115.937719
86 80 -9997.19407
87 80 206.564406
70 81 0
71 81 0
72 81 0
73 81 -121.366894
74 81 137.219625
75 81 -9998.32187
76 81 -3146.44
77 81 13606.34
78 81 5.68434189e-14
79 81 -40119.3821
80 81 -9277.53009
81 81 39503.2573
82 81 2987.89482
83 81 -13637.7334
84 81 342.466912
85 81 192.801426
86 81 -208.774837
87 81 -9995.9612
76 82 -9997.46896
77 82 -115.937725
78 82 192.801418
79 82 402.515466
80 82 -29740.6692
81 82 2987.89482
82 82 20000
83 82 6.04104914e-06
84 82 7.7819404e-06
85 82 1.42108547e-14
86 82 29879.6
87 82 -3101.72001
88 82 -9997.27559
89 82 112.501277
90 82 -204.50788
91 82 0
92 82 0
93 82 0
76 83 111.908303
77 83 -9997.19407
78 83 -208.774856
79 83 29411.8368
80 83 614.036752
81 83 -13637.7334
82 83 6.04104914e-06
83 83 20000
84 83 1.86487503e-05
85 83 -29879.6
86 83 -1.13686838e-13
87 83 13521.0801
88 83 -116.753799
89 83 -9997.1559
90 83 207.946821
91 83 0
92 83 0
93 83 0
76 84 -195.167816
77 84 206.564388
78 84 -9995.96121
79 84 -3754.24084
80 84 13025.3768
81 84 342.466912
82 84 7.7819404e-06
83 84 1.86487503e-05
84 84 20000
85 84 3101.72001
86 84 -13521.0801
87 84 1.13686838e-13
88 84 202.110257
89 84 -210.277917
90 84 -9995.74579
91 84 0
92 84 0
93 84 0
76 85 0
77 85 0
78 85 0
79 85 -9997.46897
80 85 -115.937719
81 85 192.801426
82 85 1.42108547e-14
83 85 -29879.6
84 85 3101.72001
85 85 110241.116
86 85 -4193.86047
87 85 -40400.4464
88 85 411.544625
89 85 29805.8796
90 85 -3721.73725
91 85 -9997.27559
92 85 112.501311
93 85 -204.50785
76 86 0
77 86 0
78 86 0
79 86 111.908309
80 86 -9997.19407
81 86 -208.774837
82 86 29879.6
83 86 -1.13686838e-13
84 86 -13521.0801
85 86 -4193.86047
86 86 127561.01
87 86 -9267.81535
88 86 -30144.7345
89 86 620.467771
90 86 12904.2665
91 86 -116.753766
92 86 -9997.15588
93 86 207.946863
76 87 0
77 87 0
78 87 0
79 87 -195.167808
80 87 206.564406
81 87 -9995.9612
82 87 -3101.72001
83 87 13521.0801
84 87 1.13686838e-13
85 87 -40400.4464
86 87 -9267.81535
87 87 39244.0272
88 87 2943.01122
89 87 -13552.1293
90 87 344.59918
91 87 202.110289
92 87 -210.277875
93 87 -9995.74578
82 88 -9997.27559
83 88 -116.753799
84 88 202.110257
85 88 411.544625
86 88 -30144.7345
87 88 2943.01122
88 88 19999.9999
89 88 3.38648293e-05
90 88 3.0888876e-05
91 88 1.687539e-14
92 88 12156.72
93 88 1546.954
94 88 -9999.75494
95 88 59.9062103
96 88 -36.1915993
97 88 0
98 88 0
99 88 0
82 89 112.501277
83 89 -9997.1559
84 89 -210.277917
85 89 29805.8796
86 89 620.467771
87 89 -13552.1293
88 89 3.38648293e-05
89 89 19999.9999
90 89 4.19111147e-05
91 89 -12156.72
92 89 5.32907052e-15
93 89 9717.17999
94 89 -59.8617785
95 89 -9999.81305
96 89 -12.3981109
97 89 0
98 89 0
99 89 0
82 90 -204.50788
83 90 207.946821
84 90 -9995.74579
85 90 -3721.73725
86 90 12904.2665
87 90 344.59918
88 90 3.0888876e-05
89 90 4.19111147e-05
90 90 19999.9999
91 90 -1546.954
92 90 -9717.17999
93 90 0
94 90 36.2651086
95 90 12.1810342
96 90 -9999.92672
97 90 0
98 90 0
99 90 0
82 91 0
83 91 0
84 91 0
85 91 -9997.27559
86 91 -116.753766
87 91 202.110289
88 91 1.687539e-14
89 91 -12156.72
90 91 -1546.954
91 91 35017.8907
92 91 1503.20298
93 91 -11812.9037
94 91 67.1622426
95 91 12154.6084
96 91 1562.0147
97 91 -9999.75496
98 91 59.9063022
99 91 -36.1915131
82 92 0
83 92 0
84 92 0
85 92 112.501311
86 92 -9997.15588
87 92 -210.277875
88 92 12156.72
89 92 5.32907052e-15
90 92 -9717.17999
91 92 1503.20298
92 92 44220.9427
93 92 1880.58858
94 92 -12191.6616
95 92 60.9897724
96 92 9673.11167
97 92 -59.8616867
98 92 -9999.813
99 92 -12.3979863
82 93 0
83 93 0
84 93 0
85 93 -204.50785
86 93 207.946863
87 93 -9995.74578
88 93 1546.954
89 93 9717.17999
90 93 0
91 93 -11812.9037
92 93 1880.58858
93 93 29681.6652
94 93 -1605.08486
95 93 -9707.73111
96 93 -17.6461415
97 93 36.2651954
98 93 12.1811578
99 93 -9999.92669
88 94 -9999.75494
89 94 -59.8617785
90 94 36.2651086
91 94 67.1622426
92 94 -12191.6616
93 94 -1605.08486
94 94 19999.9998
95 94 9.17544351e-05
96 94 8.68540424e-05
97 94 2.84217094e-13
98 94 53132.2001
99 94 -3593.28
100 94 -9941.44387
101 94 399.590286
102 94 -1004.00185
103 94 0
104 94 0
105 94 0
88 95 59.9062103
89 95 -9999.81305
90 95 12.1810342
91 95 12154.6084
92 95 60.9897724
93 95 -9707.73111
94 95 9.17544351e-05
95 95 19999.9998
96 95 0.000123992127
97 95 -53132.2001
98 95 5.1159077e-13
99 95 -1037.95607
100 95 -412.600904
101 95 -9990.88814
102 95 109.149531
103 95 0
104 95 0
105 95 0
88 96 -36.1915993
89 96 -12.3981109
90 96 -9999.92672
91 96 1562.0147
92 96 9673.11167
93 96 -17.6461415
94 96 8.68540424e-05
95 96 0.000123992127
96 96 19999.9998
97 96 3593.28
98 96 1037.95607
99 96 0
100 96 998.725461
101 96 -149.935678
102 96 -9948.87258
103 96 0
104 96 0
105 96 0
88 97 0
89 97 0
90 97 0
91 97 -9999.75496
92 97 -59.8616867
93 97 36.2651954
94 97 2.84217094e-13
95 97 -53132.2001
96 97 3593.28
97 97 303594.234
98 97 372.966605
99 97 5514.88888
100 97 2551.1094
101 97 53029.9107
102 97 -4154.84396
103 97 -9941.44389
104 97 399.590342
105 97 -1004.0018
88 98 0
89 98 0
90 98 0
91 98 59.9063022
92 98 -9999.813
93 98 12.1811578
94 98 53132.2001
95 98 5.1159077e-13
96 98 1037.95607
97 98 372.966605
98 98 302410.803
99 98 -19091.8873
100 98 -52717.4152
101 98 2107.54844
102 98 -6367.13198
103 98 -412.600855
104 98 -9990.8881
105 98 109.149614
88 99 0
89 99 0
90 99 0
91 99 -36.1915131
92 99 -12.3979863
93 99 -9999.92669
94 99 -3593.28
95 99 -1037.95607
96 99 0
97 99 5514.88888
98 99 -19091.8873
99 99 21398.9012
100 99 3615.06531
101 99 893.426319
102 99 349.436736
103 99 998.725513
104 99 -149.935601
105 99 -9948.87255
94 100 -9941.44387
95 100 -412.600904
96 100 998.725461
97 100 2551.1094
98 100 -52717.4152
99 100 3615.06531
100 100 20000.2623
101 100 5.01275312e-05
102 100 5.0471634e-05
103 100 9.76996262e-15
104 100 24916.882
105 100 605.954158
106 100 -0.0121346339
107 100 -0.0018090732
108 100 0.00239330639
109 100 -0.0121346339
110 100 -0.0018090732
111 100 0.00239330639
112 100 -0.0121346339
113 100 -0.0018090732
114 100 0.00239330639
115 100 -0.0121346339
116 100 -0.0018090732
117 100 0.00239330639
118 100 -0.0121346339
119 100 -0.0018090732
120 100 0.00239330639
121 100 -0.0121346339
122 100 -0.0018090732
123 100 0.00239330639
124 100 -0.0121346339
125 100 -0.0018090732
126 100 0.00239330639
127 100 -0.0121346339
128 100 -0.0018090732
129 100 0.00239330639
130 100 -0.0121346339
131 100 -0.0018090732
132 100 0.00239330639
133 100 -0.0121346339
134 100 -0.0018090732
135 100 0.00239330639
136 100 -0.0121346339
137 100 -0.0018090732
138 100 0.00239330639
139 100 -0.0121346339
140 100 -0.0018090732
141 100 0.00239330639
142 100 -0.0121346339
143 100 -0.0018090732
144 100 0.00239330639
145 100 -0.0121346339
146 100 -0.0018090732
147 100 0.00239330639
148 100 -0.0121346339
149 100 -0.0018090732
150 100 0.00239330639
151 100 -0.0121346339
152 100 -0.0018090732
153 100 0.00239330639
154 100 -0.0121346339
155 100 -0.0018090732
156 100 0.00239330639
157 100 -0.0121346339
158 100 -0.0018090732
159 100 0.00239330639
160 100 -0.0121346339
161 100 -0.0018090732
162 100 0.00239330639
163 100 -0.0121346339
164 100 -0.0018090732
165 100 0.00239330639
166 100 -0.0121346339
167 100 -0.0018090732
168 100 0.00239330639
169 100 -9999.54807
170 100 77.4227497
171 100 -55.2289843
172 100 0
173 100 0
174 100 0
94 101 399.590286
95 101 -9990.88814
96 101 -149.935678
97 101 53029.9107
98 101 2107.54844
99 101 893.426319
100 101 5.01275312e-05
101 101 20000.2624
102 101 8.12446049e-05
103 101 -24916.882
104 101 8.52651283e-14
105 101 16211.741
106 101 0.0016155965
107 101 -0.0123427756
108 101 -0.00113830494
109 101 0.0016155965
110 101 -0.0123427756
111 101 -0.00113830494
112 101 0.0016155965
113 101 -0.0123427756
114 101 -0.00113830494
115 101 0.0016155965
116 101 -0.0123427756
117 101 -0.00113830494
118 101 0.0016155965
119 101 -0.0123427756
120 101 -0.00113830494
121 101 0.0016155965
122 101 -0.0123427756
123 101 -0.00113830494
124 101 0.0016155965
125 101 -0.0123427756
126 101 -0.00113830494
127 101 0.0016155965
128 101 -0.0123427756
129 101 -0.00113830494
130 101 0.0016155965
131 101 -0.0123427756
132 101 -0.00113830494
133 101 0.0016155965
134 101 -0.0123427756
135 101 -0.00113830494
136 101 0.0016155965
137 101 -0.0123427756
138 101 -0.00113830494
139 101 0.0016155965
140 101 -0.0123427756
141 101 -0.00113830494
142 101 0.0016155965
143 101 -0.0123427756
144 101 -0.00113830494
145 101 0.0016155965
146 101 -0.0123427756
147 101 -0.00113830494
148 101 0.0016155965
149 101 -0.0123427756
150 101 -0.00113830494
151 101 0.0016155965
152 101 -0.0123427756
153 101 -0.00113830494
154 101 0.0016155965
155 101 -0.0123427756
156 101 -0.00113830494
157 101 0.0016155965
158 101 -0.0123427756
159 101 -0.00113830494
160 101 0.0016155965
161 101 -0.0123427756
162 101 -0.00113830494
163 101 0.0016155965
164 101 -0.0123427756
165 101 -0.00113830494
166 101 0.0016155965
167 101 -0.0123427756
168 101 -0.00113830494
169 101 -77.559357
170 101 -9999.66912
171 101 24.5930298
172 101 0
173 101 0
174 101 0
94 102 -1004.00185
95 102 109.149531
96 102 -9948.87258
97 102 -4154.84396
98 102 -6367.13198
99 102 349.436736
100 102 5.0471634e-05
101 102 8.12446049e-05
102 102 20000.2624
103 102 -605.954158
104 102 -16211.741
105 102 -1.42108547e-14
106 102 -0.00252794566
107 102 0.000795703699
108 102 -0.0122158236
109 102 -0.00252794566
110 102 0.000795703699
111 102 -0.0122158236
112 102 -0.00252794566
113 102 0.000795703699
114 102 -0.0122158236
115 102 -0.00252794566
116 102 0.000795703699
117 102 -0.0122158236
118 102 -0.00252794566
119 102 0.000795703699
120 102 -0.0122158236
121 102 -0.00252794566
122 102 0.000795703699
123 102 -0.0122158236
124 102 -0.00252794566
125 102 0.000795703699
126 102 -0.0122158236
127 102 -0.00252794566
128 102 0.000795703699
129 102 -0.0122158236
130 102 -0.00252794566
131 102 0.000795703699
132 102 -0.0122158236
133 102 -0.00252794566
134 102 0.000795703699
135 102 -0.0122158236
136 102 -0.00252794566
137 102 0.000795703699
138 102 -0.0122158236
139 102 -0.00252794566
140 102 0.000795703699
141 102 -0.0122158236
142 102 -0.00252794566
143 102 0.000795703699
144 102 -0.0122158236
145 102 -0.00252794566
146 102 0.000795703699
147 102 -0.0122158236
148 102 -0.00252794566
149 102 0.000795703699
150 102 -0.0122158236
151 102 -0.00252794566
152 102 0.000795703699
153 102 -0.0122158236
154 102 -0.00252794566
155 102 0.000795703699
156 102 -0.0122158236
157 102 -0.00252794566
158 102 0.000795703699
159 102 -0.0122158236
160 102 -0.00252794566
161 102 0.000795703699
162 102 -0.0122158236
163 102 -0.00252794566
164 102 0.000795703699
165 102 -0.0122158236
166 102 -0.00252794566
167 102 0.000795703699
168 102 -0.0122158236
169 102 55.0368671
170 102 -25.019978
171 102 -9999.81748
172 102 0
173 102 0
174 102 0
94 103 0
95 103 0
96 103 0
97 103 -9941.44389
98 103 -412.600855
99 103 998.725513
100 103 9.76996262e-15
101 103 -24916.882
102 103 -605.954158
103 103 82209.4539
104 103 980.400364
105 103 -40360.0178
106 103 -0.0293344122
107 103 0.255937133
108 103 0.0447275182
109 103 -0.0294362644
110 103 0.256825993
111 103 0.0448829825
112 103 -0.0293666811
113 103 0.252496407
114 103 0.0419631012
115 103 -0.0296555842
116 103 0.254980239
117 103 0.0423757947
118 103 -0.0298678792
119 103 0.256805724
120 103 0.0426792717
121 103 -0.0299177834
122 103 0.25355507
123 103 0.0399691133
124 103 -0.0300897734
125 103 0.255012761
126 103 0.0401989349
127 103 -0.0303431797
128 103 0.253537489
129 103 0.0377989631
130 103 -0.0304347122
131 103 0.254302399
132 103 0.0379130583
133 103 -0.03041882
134 103 0.254169646
135 103 0.037893289
136 103 -0.0305557041
137 103 0.255313357
138 103 0.0380637722
139 103 -0.0307581507
140 103 0.25343852
141 103 0.035620152
142 103 -0.0308928575
143 103 0.254548446
144 103 0.0357761369
145 103 -0.0309606595
146 103 0.255107096
147 103 0.0358546412
148 103 -0.0346216201
149 103 0.28527226
150 103 0.0400942043
151 103 -0.0311177713
152 103 0.252896097
153 103 0.0333867779
154 103 -0.0311953339
155 103 0.253526431
156 103 0.0334699795
157 103 -0.0347633665
158 103 0.282523996
159 103 0.0372981348
160 103 -0.0314657925
161 103 0.252279018
162 103 0.0311557848
163 103 -0.0317591201
164 103 0.251249463
165 103 0.0288903148
166 103 -0.032079649
167 103 0.25046279
168 103 0.02667052
169 103 189.877854
170 103 24912.0911
171 103 544.384261
172 103 -9999.54797
173 103 77.4225877
174 103 -55.2290984
94 104 0
95 104 0
96 104 0
97 104 399.590342
98 104 -9990.8881
99 104 -149.935601
100 104 24916.882
101 104 8.52651283e-14
102 104 -16211.741
103 104 980.400364
104 104 108466.468
105 104 1514.9337
106 104 -0.266722407
107 104 -0.0333829541
108 104 -0.0165838489
109 104 -0.267115636
110 104 -0.0336666919
111 104 -0.0140653552
112 104 -0.263515494
113 104 -0.0327510619
114 104 -0.0188839585
115 104 -0.265578564
116 104 -0.0332397939
117 104 -0.0165126954
118 104 -0.266414235
119 104 -0.033813211
120 104 -0.0114811322
121 104 -0.264474428
122 104 -0.0328702425
123 104 -0.0189526837
124 104 -0.265466063
125 104 -0.0332256715
126 104 -0.0165061531
127 104 -0.264310307
128 104 -0.032849855
129 104 -0.0189408109
130 104 -0.264580685
131 104 -0.0331148532
132 104 -0.0164511512
133 104 -0.263915759
134 104 -0.0332633865
135 104 -0.0138968581
136 104 -0.264574067
137 104 -0.0335796549
138 104 -0.0114018582
139 104 -0.264061697
140 104 -0.0328189121
141 104 -0.0189234761
142 104 -0.264163464
143 104 -0.0332946163
144 104 -0.0139097967
145 104 -0.264214731
146 104 -0.0335340338
147 104 -0.0113865274
148 104 -0.293683844
149 104 -0.0380573366
