0 1.000000000 -0.000000000 -0.000000000 -0.000000000 -0.000000000 1.000000000 -0.000000000 -0.000000000 -0.000000000 0.000000000 1.000000000 -0.000000000 0.000000000 0.000000000 0.000000000 1.000000000
1 0.999998128 0.001097647 -0.001593329 0.013623284 -0.001096296 0.999999039 0.000848636 0.003250931 0.001594259 -0.000846888 0.999998371 1.179732289 0.000000000 0.000000000 0.000000000 1.000000000
2 0.999989801 0.002461165 -0.003786900 0.027131554 -0.002464270 0.999996631 -0.000815348 0.007585396 0.003784881 0.000824671 0.999992497 2.470689367 0.000000000 0.000000000 0.000000000 1.000000000
3 0.999981181 0.003159110 -0.005259040 0.033609601 -0.003176926 0.999989232 -0.003382704 0.011022945 0.005248297 0.003399347 0.999980450 3.640608617 0.000000000 0.000000000 0.000000000 1.000000000
4 0.999964272 0.005285282 -0.006597027 0.038787422 -0.005319617 0.999972342 -0.005197783 0.012028183 0.006569373 0.005232691 0.999964731 4.924720470 0.000000000 0.000000000 0.000000000 1.000000000
5 0.999957018 0.005591415 -0.007395835 0.040666211 -0.005626427 0.999973025 -0.004721543 0.011978283 0.007369237 0.004762951 0.999961504 6.091050431 0.000000000 0.000000000 0.000000000 1.000000000
6 0.999957484 0.004615586 -0.007982888 0.048843632 -0.004663210 0.999971382 -0.005957363 0.009752565 0.007955164 0.005994335 0.999950390 7.252345787 0.000000000 0.000000000 0.000000000 1.000000000
7 0.999956896 0.003779153 -0.008480849 0.052535051 -0.003840101 0.999966838 -0.007181687 0.007988106 0.008453428 0.007213943 0.999938247 8.410830623 0.000000000 0.000000000 0.000000000 1.000000000
8 0.999953264 0.002944922 -0.009208542 0.058174029 -0.002999487 0.999977995 -0.005917153 0.005175136 0.009190915 0.005944497 0.999940093 9.685704237 0.000000000 0.000000000 0.000000000 1.000000000
9 0.999948586 0.002576076 -0.009807600 0.062803999 -0.002610510 0.999990468 -0.003499755 0.002100264 0.009798492 0.003525177 0.999945780 10.846416248 0.000000000 0.000000000 0.000000000 1.000000000
10 0.999943321 0.003126843 -0.010177347 0.066341400 -0.003144326 0.999993608 -0.001702256 -0.000292822 0.010171961 0.001734160 0.999946761 12.001329169 0.000000000 0.000000000 0.000000000 1.000000000
11 0.999928325 0.003592125 -0.011421127 0.075775474 -0.003604786 0.999992911 -0.001088077 -0.001468883 0.011417139 0.001129170 0.999934185 13.260443297 0.000000000 0.000000000 0.000000000 1.000000000
12 0.999896108 0.002427634 -0.014208459 0.073623732 -0.002453411 0.999995376 -0.001797002 0.001778844 0.014204032 0.001831675 0.999897440 14.401660933 0.000000000 0.000000000 0.000000000 1.000000000
13 0.999838559 0.000865307 -0.017947324 0.068494478 -0.000925951 0.999993890 -0.003370918 0.004245394 0.017944299 0.003386992 0.999833251 15.654383459 0.000000000 0.000000000 0.000000000 1.000000000
14 0.999774484 -0.002444361 -0.021095177 0.067338380 0.002352843 0.999987718 -0.004362121 0.004240719 0.021105583 0.004311504 0.999767956 16.791894808 0.000000000 0.000000000 0.000000000 1.000000000
15 0.999701334 -0.003361336 -0.024206293 0.073884439 0.003210842 0.999975293 -0.006253353 0.000410073 0.024226717 0.006173762 0.999687427 18.039564304 0.000000000 0.000000000 0.000000000 1.000000000
16 0.999640506 -0.004929006 -0.026354589 0.079187485 0.004772255 0.999970568 -0.006007421 -0.004899305 0.026383427 0.005879490 0.999634606 19.174525543 0.000000000 0.000000000 0.000000000 1.000000000
17 0.999592194 -0.005132354 -0.028091008 0.091451523 0.005009609 0.999977603 -0.004438212 -0.012912395 0.028113161 0.004295677 0.999595517 20.309805413 0.000000000 0.000000000 0.000000000 1.000000000
18 0.999550191 -0.005935127 -0.029397091 0.090322753 0.005837378 0.999977149 -0.003409856 -0.017199245 0.029416661 0.003236720 0.999561996 21.439738657 0.000000000 0.000000000 0.000000000 1.000000000
19 0.999502220 -0.006417005 -0.030889054 0.089488960 0.006302737 0.999972935 -0.003795310 -0.020754171 0.030912576 0.003598735 0.999515614 22.677835677 0.000000000 0.000000000 0.000000000 1.000000000
20 0.999458323 -0.007000044 -0.032156810 0.083524397 0.006866987 0.999967406 -0.004246379 -0.024178288 0.032185491 0.004023258 0.999473815 23.798625776 0.000000000 0.000000000 0.000000000 1.000000000
21 0.999412260 -0.006875722 -0.033583599 0.069241058 0.006693626 0.999962297 -0.005531641 -0.026778554 0.033620371 0.005303593 0.999420603 24.914173005 0.000000000 0.000000000 0.000000000 1.000000000
22 0.999363645 -0.008222797 -0.034708640 0.063969290 0.007993120 0.999945266 -0.006750929 -0.032089519 0.034762256 0.006469202 0.999374672 26.134724867 0.000000000 0.000000000 0.000000000 1.000000000
23 0.999328747 -0.007721135 -0.035811157 0.059416460 0.007467949 0.999946205 -0.007198460 -0.036743502 0.035864815 0.006926191 0.999332649 27.238996504 0.000000000 0.000000000 0.000000000 1.000000000
24 0.999330450 -0.005662946 -0.036146669 0.053398675 0.005496504 0.999973838 -0.004702389 -0.041990525 0.036172357 0.004500559 0.999335432 28.452103367 0.000000000 0.000000000 0.000000000 1.000000000
25 0.999335490 -0.004480486 -0.036173242 0.051490243 0.004368291 0.999985403 -0.003180048 -0.048694650 0.036186967 0.003019919 0.999340474 29.555546098 0.000000000 0.000000000 0.000000000 1.000000000
26 0.999333444 -0.003224258 -0.036363051 0.053389649 0.003092537 0.999988454 -0.003678066 -0.057599153 0.036374495 0.003563160 0.999331877 30.663669101 0.000000000 0.000000000 0.000000000 1.000000000
27 0.999340621 -0.003583040 -0.036131489 0.045333334 0.003395936 0.999980513 -0.005238500 -0.063469491 0.036149559 0.005112345 0.999333314 31.875001143 0.000000000 0.000000000 0.000000000 1.000000000
28 0.999347145 -0.004621393 -0.035831917 0.042570453 0.004364526 0.999964240 -0.007243614 -0.072649447 0.035864116 0.007082495 0.999331578 32.974499263 0.000000000 0.000000000 0.000000000 1.000000000
29 0.999368528 -0.005757629 -0.035062718 0.043391513 0.005484462 0.999953896 -0.007882050 -0.084273368 0.035106488 0.007684772 0.999354031 34.077356653 0.000000000 0.000000000 0.000000000 1.000000000
30 0.999408265 -0.007153518 -0.033644432 0.062936566 0.006941387 0.999955314 -0.006417712 -0.104553352 0.033688842 0.006180375 0.999413260 35.294927882 0.000000000 0.000000000 0.000000000 1.000000000
31 0.999468129 -0.007864911 -0.031648091 0.073085162 0.007707803 0.999957374 -0.005083231 -0.118550665 0.031686725 0.004836589 0.999486147 36.393236017 0.000000000 0.000000000 0.000000000 1.000000000
32 0.999541821 -0.008266349 -0.029117277 0.094488658 0.008137169 0.999956531 -0.004552327 -0.134878590 0.029153646 0.004313309 0.999565636 37.485548569 0.000000000 0.000000000 0.000000000 1.000000000
33 0.999630438 -0.008313543 -0.025881905 0.124193020 0.008201188 0.999956494 -0.004444290 -0.152611266 0.025917730 0.004230385 0.999655128 38.682908518 0.000000000 0.000000000 0.000000000 1.000000000
34 0.999691097 -0.009742028 -0.022864894 0.152089061 0.009647316 0.999944436 -0.004249003 -0.165870129 0.022905020 0.004027105 0.999729535 39.764711079 0.000000000 0.000000000 0.000000000 1.000000000
35 0.999751977 -0.010518418 -0.019630243 0.183474763 0.010449403 0.999938869 -0.003615143 -0.184154560 0.019667070 0.003409122 0.999800772 40.852725733 0.000000000 0.000000000 0.000000000 1.000000000
36 0.999795968 -0.012332618 -0.015997765 0.210825855 0.012286016 0.999919999 -0.003008235 -0.196167115 0.016033587 0.002811072 0.999867502 42.038332953 0.000000000 0.000000000 0.000000000 1.000000000
37 0.999825788 -0.013889270 -0.012469244 0.245065419 0.013852388 0.999899431 -0.003039648 -0.210091874 0.012510210 0.002866389 0.999917636 43.115269039 0.000000000 0.000000000 0.000000000 1.000000000
38 0.999868319 -0.013831063 -0.008488020 0.272864583 0.013806558 0.999900365 -0.002939150 -0.221859408 0.008527827 0.002821573 0.999959657 44.184587261 0.000000000 0.000000000 0.000000000 1.000000000
39 0.999892432 -0.014064556 -0.004160913 0.309994441 0.014053114 0.999897421 -0.002767167 -0.234651340 0.004199406 0.002708395 0.999987515 45.361095847 0.000000000 0.000000000 0.000000000 1.000000000
40 0.999930060 -0.011822199 -0.000332752 0.342883609 0.011821130 0.999925450 -0.003058780 -0.243875362 0.000368889 0.003054632 0.999995267 46.428462023 0.000000000 0.000000000 0.000000000 1.000000000
41 0.999925857 -0.011483075 0.004052131 0.390304792 0.011500107 0.999925032 -0.004204509 -0.256561127 -0.004003547 0.004250797 0.999982951 47.609152684 0.000000000 0.000000000 0.000000000 1.000000000
42 0.999910377 -0.011039140 0.007574620 0.436284194 0.011076748 0.999926445 -0.004940703 -0.267105272 -0.007519522 0.005024162 0.999959106 48.685051867 0.000000000 0.000000000 0.000000000 1.000000000
43 0.999867719 -0.012044568 0.010930384 0.486861981 0.012104045 0.999912209 -0.005391394 -0.278016973 -0.010864489 0.005522982 0.999925727 49.761026464 0.000000000 0.000000000 0.000000000 1.000000000
44 0.999808857 -0.013633988 0.014013001 0.543934349 0.013710701 0.999891462 -0.005392774 -0.292082523 -0.013937957 0.005583870 0.999887271 50.949682833 0.000000000 0.000000000 0.000000000 1.000000000
45 0.999774016 -0.014038352 0.015963730 0.591628226 0.014123212 0.999886661 -0.005215346 -0.302019547 -0.015888708 0.005439626 0.999858970 52.029892656 0.000000000 0.000000000 0.000000000 1.000000000
46 0.999742457 -0.014783737 0.017218030 0.642106316 0.014878762 0.999874703 -0.005403758 -0.313203329 -0.017135987 0.005658548 0.999837156 53.113417843 0.000000000 0.000000000 0.000000000 1.000000000
47 0.999721720 -0.014654198 0.018486138 0.688012146 0.014781548 0.999867821 -0.006771021 -0.320636571 -0.018384473 0.007042389 0.999806189 54.296395185 0.000000000 0.000000000 0.000000000 1.000000000
48 0.999761201 -0.010402653 0.019217856 0.711870794 0.010563720 0.999909767 -0.008298576 -0.328540031 -0.019129797 0.008499605 0.999780880 55.371032089 0.000000000 0.000000000 0.000000000 1.000000000
49 0.999770596 -0.009332138 0.019278670 0.740907040 0.009448840 0.999937531 -0.005971121 -0.336206421 -0.019221745 0.006151911 0.999796319 56.446967832 0.000000000 0.000000000 0.000000000 1.000000000
50 0.999792174 -0.008817754 0.018380875 0.773263473 0.008886725 0.999953763 -0.003673927 -0.345587750 -0.018347632 0.003836509 0.999824307 57.630703999 0.000000000 0.000000000 0.000000000 1.000000000
51 0.999776350 -0.010959117 0.018087231 0.803266877 0.010972708 0.999939585 -0.000652180 -0.348233802 -0.018078993 0.000850500 0.999836200 58.708650900 0.000000000 0.000000000 0.000000000 1.000000000
52 0.999757431 -0.014336367 0.016719658 0.834998141 0.014338152 0.999897203 0.000013337 -0.347944091 -0.016718132 0.000226395 0.999860217 59.784315134 0.000000000 0.000000000 0.000000000 1.000000000
53 0.999760584 -0.015448154 0.015496127 0.863600313 0.015454343 0.999880536 -0.000279437 -0.348758601 -0.015489961 0.000518852 0.999879889 60.968361597 0.000000000 0.000000000 0.000000000 1.000000000
54 0.999749306 -0.016806878 0.014793711 0.895016490 0.016844579 0.999855174 -0.002427283 -0.350282533 -0.014750775 0.002675868 0.999887621 62.045189982 0.000000000 0.000000000 0.000000000 1.000000000
55 0.999794798 -0.014787569 0.013845193 0.914517240 0.014863878 0.999874811 -0.005424766 -0.349527515 -0.013763242 0.005629445 0.999889435 63.237121412 0.000000000 0.000000000 0.000000000 1.000000000
56 0.999843802 -0.012540519 0.012454203 0.928540193 0.012627628 0.999896183 -0.006940182 -0.352985168 -0.012365878 0.007096364 0.999898358 64.321866921 0.000000000 0.000000000 0.000000000 1.000000000
57 0.999861191 -0.013048886 0.010359775 0.938661008 0.013122117 0.999889173 -0.007032227 -0.358905197 -0.010266865 0.007167192 0.999921608 65.410895434 0.000000000 0.000000000 0.000000000 1.000000000
58 0.999899902 -0.012263040 0.007057167 0.946277753 0.012307288 0.999904664 -0.006260535 -0.365046255 -0.006979722 0.006346762 0.999955500 66.610098091 0.000000000 0.000000000 0.000000000 1.000000000
59 0.999921930 -0.012142333 0.002949125 0.929222983 0.012158447 0.999910913 -0.005507946 -0.370038136 -0.002881983 0.005543372 0.999980482 67.700701578 0.000000000 0.000000000 0.000000000 1.000000000
60 0.999951370 -0.009783194 -0.001243981 0.920883799 0.009775053 0.999931792 -0.006392132 -0.374233242 0.001306432 0.006379660 0.999978796 68.788542911 0.000000000 0.000000000 0.000000000 1.000000000
61 0.999957929 -0.007519156 -0.005253833 0.898767212 0.007480844 0.999945558 -0.007274415 -0.381301190 0.005308245 0.007234805 0.999959739 69.989116630 0.000000000 0.000000000 0.000000000 1.000000000
62 0.999959005 -0.004676443 -0.007753649 0.878159840 0.004626731 0.999968707 -0.006417101 -0.388748514 0.007783417 0.006380964 0.999949350 71.084396102 0.000000000 0.000000000 0.000000000 1.000000000
63 0.999947122 -0.003951396 -0.009494222 0.857196144 0.003889322 0.999970999 -0.006547844 -0.394689049 0.009519821 0.006510571 0.999933491 72.182584217 0.000000000 0.000000000 0.000000000 1.000000000
64 0.999930289 -0.003313386 -0.011333100 0.827808749 0.003238966 0.999973114 -0.006578724 -0.396557236 0.011354595 0.006541557 0.999914137 73.394638324 0.000000000 0.000000000 0.000000000 1.000000000
65 0.999893400 -0.006820411 -0.012910133 0.811226692 0.006711837 0.999941901 -0.008434859 -0.398552916 0.012966913 0.008347308 0.999881084 74.495501658 0.000000000 0.000000000 0.000000000 1.000000000
66 0.999857775 -0.007748912 -0.014979483 0.787098575 0.007561164 0.999892657 -0.012550051 -0.403955086 0.015075126 0.012435002 0.999809037 75.598917707 0.000000000 0.000000000 0.000000000 1.000000000
67 0.999804764 -0.010179128 -0.016935760 0.772552311 0.009930527 0.999842648 -0.014699124 -0.412957644 0.017082721 0.014528072 0.999748526 76.816032786 0.000000000 0.000000000 0.000000000 1.000000000
68 0.999766228 -0.010080305 -0.019127882 0.743326835 0.009888132 0.999899951 -0.010114971 -0.423735660 0.019227932 0.009923466 0.999765878 77.929494084 0.000000000 0.000000000 0.000000000 1.000000000
69 0.999737585 -0.009355958 -0.020909996 0.716752914 0.009277927 0.999949641 -0.003825749 -0.429905574 0.020944739 0.003630744 0.999774042 79.044621183 0.000000000 0.000000000 0.000000000 1.000000000
70 0.999699536 -0.007893649 -0.023206199 0.678608794 0.007878422 0.999968685 -0.000747594 -0.428356258 0.023211377 0.000564541 0.999730420 80.279115860 0.000000000 0.000000000 0.000000000 1.000000000
71 0.999648952 -0.007271162 -0.025477499 0.644010158 0.007236029 0.999972738 -0.001470960 -0.422203318 0.025487503 0.001286088 0.999674314 81.400379557 0.000000000 0.000000000 0.000000000 1.000000000
72 0.999590358 -0.006473724 -0.027878431 0.606384103 0.006359123 0.999970971 -0.004197496 -0.415917203 0.027904799 0.004018494 0.999602508 82.523946051 0.000000000 0.000000000 0.000000000 1.000000000
73 0.999507078 -0.004119504 -0.031122845 0.556163696 0.003906215 0.999968490 -0.006910853 -0.409763013 0.031150338 0.006785873 0.999491675 83.764813031 0.000000000 0.000000000 0.000000000 1.000000000
74 0.999404202 -0.003767643 -0.034308109 0.509520100 0.003501082 0.999963244 -0.007826421 -0.405549553 0.034336339 0.007701641 0.999380659 84.892522423 0.000000000 0.000000000 0.000000000 1.000000000
75 0.999262409 -0.001547900 -0.038369798 0.444709503 0.001295613 0.999977386 -0.006599150 -0.400294392 0.038379149 0.006544570 0.999241817 86.136740167 0.000000000 0.000000000 0.000000000 1.000000000
76 0.999107388 -0.000522684 -0.042239250 0.394416771 0.000261779 0.999980856 -0.006182146 -0.397595113 0.042241678 0.006165570 0.999088398 87.273126200 0.000000000 0.000000000 0.000000000 1.000000000
77 0.998915014 0.000997689 -0.046559632 0.333145970 -0.001320925 0.999975238 -0.006912152 -0.394772191 0.046551588 0.006966153 0.998891597 88.411249249 0.000000000 0.000000000 0.000000000 1.000000000
78 0.998694724 0.002089172 -0.051034134 0.266163239 -0.002494553 0.999965834 -0.007880924 -0.391312268 0.051015932 0.007997943 0.998665814 89.666194804 0.000000000 0.000000000 0.000000000 1.000000000
79 0.998454046 0.004028797 -0.055437234 0.196193327 -0.004437207 0.999963903 -0.007245936 -0.386885427 0.055406047 0.007480720 0.998435881 90.804436681 0.000000000 0.000000000 0.000000000 1.000000000
80 0.998216494 0.004247599 -0.059546529 0.133153217 -0.004608917 0.999971785 -0.005931790 -0.387314334 0.059519660 0.006195655 0.998207906 91.948773560 0.000000000 0.000000000 0.000000000 1.000000000
81 0.997887015 0.005716140 -0.064721180 0.048346825 -0.006074992 0.999967240 -0.005349128 -0.382736099 0.064688491 0.005731005 0.997889050 93.209244248 0.000000000 0.000000000 0.000000000 1.000000000
82 0.997556016 0.006280076 -0.069588470 -0.031514187 -0.006721310 0.999958756 -0.006108272 -0.380488808 0.069547247 0.006561069 0.997557083 94.350355702 0.000000000 0.000000000 0.000000000 1.000000000
83 0.997220523 0.007057958 -0.074171519 -0.112848462 -0.007630244 0.999943247 -0.007435160 -0.379860275 0.074114841 0.007980440 0.997217781 95.490026357 0.000000000 0.000000000 0.000000000 1.000000000
84 0.996889464 0.008205929 -0.078384041 -0.207445886 -0.008795818 0.999935515 -0.007183304 -0.379289400 0.078320050 0.007850412 0.996897358 96.743139855 0.000000000 0.000000000 0.000000000 1.000000000
85 0.996597516 0.010181823 -0.081790710 -0.295717756 -0.010664571 0.999928184 -0.005467500 -0.380335733 0.081729176 0.006321159 0.996634529 97.884523787 0.000000000 0.000000000 0.000000000 1.000000000
86 0.996353112 0.010331210 -0.084697946 -0.391658946 -0.010705004 0.999934858 -0.003960244 -0.380981325 0.084651524 0.004852493 0.996398802 99.021884829 0.000000000 0.000000000 0.000000000 1.000000000
87 0.996075290 0.011061932 -0.087815995 -0.492714687 -0.011370979 0.999930789 -0.003019749 -0.385643948 0.087776523 0.004006451 0.996132135 100.273821815 0.000000000 0.000000000 0.000000000 1.000000000
88 0.995886815 0.011283279 -0.089900713 -0.588882465 -0.011569691 0.999929517 -0.002665345 -0.388281710 0.089864313 0.003694505 0.995947166 101.409303351 0.000000000 0.000000000 0.000000000 1.000000000
89 0.995640337 0.011973019 -0.092503862 -0.692817766 -0.012320098 0.999919042 -0.003181857 -0.390813115 0.092458287 0.004307641 0.995707241 102.662857213 0.000000000 0.000000000 0.000000000 1.000000000
90 0.995425880 0.011636127 -0.094825724 -0.793064204 -0.011964186 0.999924245 -0.002891747 -0.392161316 0.094784903 0.004013032 0.995489688 103.803359453 0.000000000 0.000000000 0.000000000 1.000000000
91 0.995201764 0.011288976 -0.097190575 -0.891748629 -0.011662009 0.999926647 -0.003270909 -0.396069734 0.097146532 0.004388651 0.995260414 104.943646118 0.000000000 0.000000000 0.000000000 1.000000000
92 0.994944210 0.011556188 -0.099762082 -1.001421946 -0.012093208 0.999915450 -0.004779914 -0.407307194 0.099698422 0.005962191 0.994999838 106.191749157 0.000000000 0.000000000 0.000000000 1.000000000
93 0.994751455 0.010934836 -0.101734809 -1.100392827 -0.011574294 0.999916785 -0.005697329 -0.418206785 0.101664055 0.006844935 0.994795239 107.325668839 0.000000000 0.000000000 0.000000000 1.000000000
94 0.994544684 0.013369239 -0.103451123 -1.207080795 -0.014038206 0.999884978 -0.005741052 -0.427150739 0.103362483 0.007162001 0.994617969 108.457275751 0.000000000 0.000000000 0.000000000 1.000000000
95 0.994384157 0.013384013 -0.104981021 -1.326160069 -0.013928198 0.999893086 -0.004452182 -0.437311090 0.104910221 0.005889375 0.994464259 109.696528103 0.000000000 0.000000000 0.000000000 1.000000000
96 0.994159273 0.015735535 -0.106769530 -1.437862972 -0.016062334 0.999868569 -0.002201448 -0.442915236 0.106720869 0.003903558 0.994281358 110.826510843 0.000000000 0.000000000 0.000000000 1.000000000
97 0.994092018 0.013888959 -0.107648294 -1.548134411 -0.013998720 0.999901978 -0.000263954 -0.445471725 0.107634089 0.001769334 0.994189003 111.954507400 0.000000000 0.000000000 0.000000000 1.000000000
98 0.993922916 0.016519851 -0.108831660 -1.673427817 -0.016761884 0.999858652 -0.001309373 -0.449062699 0.108794659 0.003125640 0.994059331 113.198591968 0.000000000 0.000000000 0.000000000 1.000000000
99 0.993790699 0.017308725 -0.109911115 -1.787894205 -0.018205466 0.999808627 -0.007160378 -0.448687623 0.109766157 0.009116899 0.993915627 114.326526096 0.000000000 0.000000000 0.000000000 1.000000000
100 0.993672164 0.017843792 -0.110892871 -1.915174565 -0.019030140 0.999772351 -0.009648830 -0.450508895 0.110695467 0.011698079 0.993785525 115.578200784 0.000000000 0.000000000 0.000000000 1.000000000
101 0.993599622 0.017432058 -0.111606059 -2.030238712 -0.018674031 0.999774686 -0.010092425 -0.459798019 0.111404994 0.012111964 0.993701278 116.720961876 0.000000000 0.000000000 0.000000000 1.000000000
102 0.993569582 0.015187766 -0.112199891 -2.143402136 -0.016464637 0.999809708 -0.010462430 -0.469031458 0.112019652 0.012242482 0.993630575 117.872416169 0.000000000 0.000000000 0.000000000 1.000000000
103 0.993526676 0.010543076 -0.113108734 -2.265988019 -0.011998189 0.999853692 -0.012191677 -0.478312320 0.112963661 0.013469855 0.993507814 119.143138292 0.000000000 0.000000000 0.000000000 1.000000000
104 0.993458313 0.007580375 -0.113943477 -2.379320103 -0.009023930 0.999885362 -0.012158578 -0.486265955 0.113838262 0.013107257 0.993412830 120.305140845 0.000000000 0.000000000 0.000000000 1.000000000
105 0.993378574 0.005040542 -0.114776306 -2.494911401 -0.006242887 0.999929319 -0.010118488 -0.493987070 0.114717204 0.010768024 0.993339828 121.474161458 0.000000000 0.000000000 0.000000000 1.000000000
106 0.993296644 0.005457022 -0.115464262 -2.628478307 -0.006496620 0.999941664 -0.008629215 -0.501210928 0.115410450 0.009321497 0.993274151 122.766203205 0.000000000 0.000000000 0.000000000 1.000000000
107 0.993264383 0.005760657 -0.115726743 -2.752607888 -0.006843079 0.999936460 -0.008958122 -0.506236784 0.115667799 0.009689710 0.993240691 123.945469871 0.000000000 0.000000000 0.000000000 1.000000000
108 0.993179621 0.007139920 -0.116375517 -2.879620520 -0.008291145 0.999921340 -0.009411223 -0.510241710 0.116299182 0.010311920 0.993160695 125.131102662 0.000000000 0.000000000 0.000000000 1.000000000
109 0.993124095 0.007349038 -0.116835445 -3.018856328 -0.008453865 0.999924091 -0.008963507 -0.514420531 0.116760717 0.009889585 0.993110836 126.446078244 0.000000000 0.000000000 0.000000000 1.000000000
110 0.993026713 0.007513068 -0.117649903 -3.146438181 -0.008636601 0.999921815 -0.009042872 -0.518597689 0.117572779 0.009995908 0.993013960 127.649007072 0.000000000 0.000000000 0.000000000 1.000000000
111 0.992932161 0.006317275 -0.118515035 -3.286960501 -0.007523385 0.999924339 -0.009732204 -0.522524667 0.118444601 0.010555052 0.992904562 128.982419698 0.000000000 0.000000000 0.000000000 1.000000000
112 0.992834272 0.005326100 -0.119380650 -3.416737625 -0.006725689 0.999913263 -0.011323908 -0.527640567 0.119309997 0.012045680 0.992783978 130.202401776 0.000000000 0.000000000 0.000000000 1.000000000
113 0.992716048 0.005239096 -0.120363612 -3.549962174 -0.006941591 0.999881648 -0.013729661 -0.534051498 0.120277450 0.014465169 0.992634926 131.431227490 0.000000000 0.000000000 0.000000000 1.000000000
114 0.992593486 0.004866329 -0.121385706 -3.685677074 -0.006737021 0.999864715 -0.015005481 -0.542145172 0.121296277 0.015712119 0.992491987 132.670162305 0.000000000 0.000000000 0.000000000 1.000000000
115 0.992428931 0.006024386 -0.122672420 -3.839753950 -0.007920408 0.999856510 -0.014974174 -0.552939776 0.122564622 0.015832417 0.992334243 134.044842516 0.000000000 0.000000000 0.000000000 1.000000000
116 0.992317695 0.006399983 -0.123550114 -3.982319775 -0.007978199 0.999892728 -0.012283355 -0.560712002 0.123458262 0.013174697 0.992262307 135.306424627 0.000000000 0.000000000 0.000000000 1.000000000
117 0.992195901 0.006485478 -0.124520003 -4.141037009 -0.007611133 0.999934342 -0.008566348 -0.566933691 0.124456285 0.009447233 0.992180117 136.704908759 0.000000000 0.000000000 0.000000000 1.000000000
118 0.992071448 0.005347749 -0.125561310 -4.285802761 -0.006521147 0.999938809 -0.008936034 -0.570685529 0.125505854 0.009683987 0.992045615 137.982289636 0.000000000 0.000000000 0.000000000 1.000000000
119 0.991938727 0.002716795 -0.126689298 -4.430989462 -0.004208417 0.999924928 -0.011507684 -0.573868101 0.126648538 0.011948078 0.991875694 139.267336334 0.000000000 0.000000000 0.000000000 1.000000000
120 0.991776488 0.000956174 -0.127978440 -4.594565825 -0.002812462 0.999893440 -0.014324766 -0.580170956 0.127951121 0.014566899 0.991673494 140.690271878 0.000000000 0.000000000 0.000000000 1.000000000
121 0.991670115 -0.000473970 -0.128802782 -4.746631145 -0.001432790 0.999890766 -0.014710660 -0.587736263 0.128795700 0.014772668 0.991561111 141.995573730 0.000000000 0.000000000 0.000000000 1.000000000
122 0.991552576 0.001223868 -0.129699616 -4.904551237 -0.003055484 0.999898389 -0.013923934 -0.597370914 0.129669411 0.014202607 0.991455562 143.311244540 0.000000000 0.000000000 0.000000000 1.000000000
123 0.991443140 0.002068785 -0.130522863 -5.081145962 -0.003718029 0.999916288 -0.012393241 -0.606583484 0.130486313 0.012772481 0.991367837 144.768202676 0.000000000 0.000000000 0.000000000 1.000000000
124 0.991347621 0.003516281 -0.131215578 -5.244647566 -0.005149043 0.999913461 -0.012106142 -0.614100418 0.131161670 0.012677028 0.991279936 146.100131538 0.000000000 0.000000000 0.000000000 1.000000000
125 0.991228594 0.003236602 -0.132118876 -5.424376183 -0.005101061 0.999892095 -0.013775959 -0.623129389 0.132060048 0.014329070 0.991138145 147.571973471 0.000000000 0.000000000 0.000000000 1.000000000
126 0.991106075 0.002340196 -0.133053637 -5.587984136 -0.004216558 0.999895577 -0.013822270 -0.632250716 0.133007412 0.014260363 0.991012448 148.917595262 0.000000000 0.000000000 0.000000000 1.000000000
127 0.990974274 0.001307334 -0.134045805 -5.752680353 -0.002872166 0.999929965 -0.011481143 -0.642485672 0.134021423 0.011762518 0.990908625 150.268392553 0.000000000 0.000000000 0.000000000 1.000000000
128 0.990827639 0.000971471 -0.135128250 -5.919616552 -0.002264976 0.999953075 -0.009419015 -0.651538023 0.135112775 0.009638682 0.990783345 151.620831454 0.000000000 0.000000000 0.000000000 1.000000000
129 0.990649038 0.001727343 -0.136423966 -6.106775033 -0.002914184 0.999959624 -0.008500413 -0.660832696 0.136403791 0.008818490 0.990614073 153.105531322 0.000000000 0.000000000 0.000000000 1.000000000
130 0.990471456 0.002499295 -0.137695483 -6.280128386 -0.003709395 0.999956719 -0.008532320 -0.669225570 0.137668215 0.008961785 0.990437858 154.452875785 0.000000000 0.000000000 0.000000000 1.000000000
131 0.990268006 0.003354027 -0.139133122 -6.472637663 -0.004601153 0.999952064 -0.008642850 -0.678920711 0.139097481 0.009198910 0.990235968 155.932717349 0.000000000 0.000000000 0.000000000 1.000000000
132 0.990077615 0.002851995 -0.140492638 -6.648037189 -0.004115550 0.999953650 -0.008704016 -0.688019099 0.140461318 0.009195855 0.990043462 157.278020423 0.000000000 0.000000000 0.000000000 1.000000000
133 0.989842678 0.001590619 -0.142158156 -6.815643531 -0.002855092 0.999958154 -0.008691300 -0.685621208 0.142138400 0.009008894 0.989805798 158.628250188 0.000000000 0.000000000 0.000000000 1.000000000
134 0.989595496 -0.000229992 -0.143877378 -7.000499906 -0.000790852 0.999974920 -0.007038002 -0.681051742 0.143875405 0.007078561 0.989570495 160.114267707 0.000000000 0.000000000 0.000000000 1.000000000
135 0.989384611 -0.001487718 -0.145313026 -7.173333588 0.000724826 0.999985677 -0.005302798 -0.679000674 0.145318851 0.005141181 0.989371519 161.461223936 0.000000000 0.000000000 0.000000000 1.000000000
136 0.989192954 -0.001910069 -0.146607124 -7.349576614 0.001525385 0.999995093 -0.002736293 -0.675929585 0.146611648 0.002483090 0.989191013 162.806614732 0.000000000 0.000000000 0.000000000 1.000000000
137 0.989024632 -0.000679333 -0.147749158 -7.546814697 0.000948214 0.999998020 0.001749418 -0.667796684 0.147747694 -0.001870314 0.989023318 164.287397917 0.000000000 0.000000000 0.000000000 1.000000000
138 0.988942875 0.000439125 -0.148296309 -7.728383330 -0.000195101 0.999998603 0.001660060 -0.661451558 0.148296848 -0.001612771 0.988941579 165.624958865 0.000000000 0.000000000 0.000000000 1.000000000
139 0.988961755 0.001975212 -0.148157831 -7.910457947 -0.002855829 0.999979498 -0.005731274 -0.655908888 0.148143491 0.006091125 0.988947120 166.952098108 0.000000000 0.000000000 0.000000000 1.000000000
140 0.988981702 0.003723507 -0.147990969 -8.113065714 -0.005866541 0.999884126 -0.014046972 -0.659414721 0.147921534 0.014760392 0.988888949 168.406496304 0.000000000 0.000000000 0.000000000 1.000000000
141 0.988979608 0.003784838 -0.148003404 -8.293988113 -0.006041789 0.999872180 -0.014802703 -0.668695996 0.147928478 0.015533776 0.988876064 169.734060564 0.000000000 0.000000000 0.000000000 1.000000000
142 0.988988264 0.001605401 -0.147985248 -8.471821200 -0.003218301 0.999937999 -0.010660250 -0.680809081 0.147958976 0.011019123 0.988932112 171.063822331 0.000000000 0.000000000 0.000000000 1.000000000
143 0.988933274 -0.001158800 -0.148356442 -8.665262612 -0.000368661 0.999947215 -0.010267974 -0.690116978 0.148360527 0.010209034 0.988880646 172.520788973 0.000000000 0.000000000 0.000000000 1.000000000
